{
	 "__metadata__": {
		 "format": "assimp2json"
		,"version": 100
	}
	,"rootnode": {
		 "name": "Armature"
		,"transformation": [
			 1
			,0
			,0
			,0
			,0
			,1
			,0
			,0
			,0
			,0
			,1
			,0
			,0
			,0
			,0
			,1
		]
		,"children": [
			{
				 "name": "Hips"
				,"transformation": [
					 1
					,-5.70225e-09
					,-5.24799e-05
					,8.76787e-13
					,-1.69762e-06
					,0.999473
					,-0.0324566
					,1.01919
					,5.24524e-05
					,0.0324566
					,0.999473
					,0.0100306
					,0
					,0
					,0
					,1
				]
				,"children": [
					{
						 "name": "Spine"
						,"transformation": [
							 1
							,-7.23723e-06
							,5.21718e-05
							,1.3689e-12
							,1.8111e-08
							,0.990562
							,0.137063
							,0.0984731
							,-5.26714e-05
							,-0.137063
							,0.990562
							,1.30385e-08
							,0
							,0
							,0
							,1
						]
						,"children": [
							{
								 "name": "Spine1"
								,"transformation": [
									 1
									,-2.02304e-07
									,1.35523e-07
									,2.35083e-13
									,1.93169e-07
									,0.99793
									,0.0643143
									,0.130497
									,-1.48253e-07
									,-0.0643143
									,0.99793
									,3.5041e-08
									,0
									,0
									,0
									,1
								]
								,"children": [
									{
										 "name": "Spine2"
										,"transformation": [
											 1
											,-2.56778e-07
											,-5.19157e-07
											,4.39648e-13
											,2.06678e-07
											,0.995544
											,-0.0942973
											,0.121806
											,5.41057e-07
											,0.0942973
											,0.995544
											,-3.53903e-08
											,0
											,0
											,0
											,1
										]
										,"children": [
											{
												 "name": "Neck"
												,"transformation": [
													 1
													,-1.87055e-07
													,1.78941e-07
													,4.54747e-13
													,2.42789e-07
													,0.917526
													,-0.397675
													,0.155575
													,-8.97959e-08
													,0.397675
													,0.917526
													,-3.35276e-08
													,0
													,0
													,0
													,1
												]
												,"children": [
													{
														 "name": "Head"
														,"transformation": [
															 1
															,8.58614e-07
															,-4.96893e-07
															,-2.29008e-12
															,-6.53659e-07
															,0.947073
															,0.321018
															,0.122638
															,7.46225e-07
															,-0.321018
															,0.947073
															,3.25959e-09
															,0
															,0
															,0
															,1
														]
														,"children": [
															{
																 "name": "HeadTop_End"
																,"transformation": [
																	 1
																	,-6.01798e-07
																	,5.83578e-07
																	,1.41319e-08
																	,5.97566e-07
																	,0.999974
																	,0.00722362
																	,0.226345
																	,-5.8791e-07
																	,-0.00722362
																	,0.999974
																	,0.0373225
																	,0
																	,0
																	,0
																	,1
																]
															}
															,{
																 "name": "LeftEye"
																,"transformation": [
																	 1
																	,-1.20112e-07
																	,1.42388e-07
																	,0.0303527
																	,1.1908e-07
																	,0.999974
																	,0.00722203
																	,0.0878396
																	,-1.43252e-07
																	,-0.00722203
																	,0.999974
																	,0.0824062
																	,0
																	,0
																	,0
																	,1
																]
															}
															,{
																 "name": "RightEye"
																,"transformation": [
																	 1
																	,-1.20112e-07
																	,1.42388e-07
																	,-0.0298823
																	,1.1908e-07
																	,0.999974
																	,0.00722203
																	,0.087791
																	,-1.43252e-07
																	,-0.00722203
																	,0.999974
																	,0.0824066
																	,0
																	,0
																	,0
																	,1
																]
															}
														]
													}
												]
											}
											,{
												 "name": "LeftShoulder"
												,"transformation": [
													 -0.00901997
													,0.999172
													,-0.0396651
													,0.0471356
													,-0.0105483
													,-0.0397598
													,-0.999154
													,0.141148
													,-0.999904
													,-0.00859386
													,0.0108981
													,-0.00625512
													,0
													,0
													,0
													,1
												]
												,"children": [
													{
														 "name": "LeftArm"
														,"transformation": [
															 0.989498
															,0.143324
															,0.0187574
															,-3.91155e-08
															,-0.0620971
															,0.538676
															,-0.840222
															,0.118896
															,-0.130528
															,0.830233
															,0.541919
															,2.10712e-07
															,0
															,0
															,0
															,1
														]
														,"children": [
															{
																 "name": "LeftForeArm"
																,"transformation": [
																	 0.901691
																	,-0.431743
																	,0.0234638
																	,2.6077e-08
																	,0.427118
																	,0.897846
																	,0.106972
																	,0.285129
																	,-0.0672512
																	,-0.0864338
																	,0.993985
																	,6.60075e-08
																	,0
																	,0
																	,0
																	,1
																]
																,"children": [
																	{
																		 "name": "LeftHand"
																		,"transformation": [
																			 0.996316
																			,0.0405408
																			,0.0755703
																			,1.43424e-07
																			,-0.0333815
																			,0.99504
																			,-0.0937045
																			,0.251972
																			,-0.0789943
																			,0.0908367
																			,0.992728
																			,-1.75078e-07
																			,0
																			,0
																			,0
																			,1
																		]
																		,"children": [
																			{
																				 "name": "LeftHandThumb1"
																				,"transformation": [
																					 0.65554
																					,-0.745298
																					,0.12165
																					,-0.032356
																					,0.738622
																					,0.599278
																					,-0.308713
																					,0.0263517
																					,0.157181
																					,0.292227
																					,0.943344
																					,0.00517281
																					,0
																					,0
																					,0
																					,1
																				]
																				,"children": [
																					{
																						 "name": "LeftHandThumb2"
																						,"transformation": [
																							 0.864106
																							,0.474247
																							,-0.168554
																							,1.00583e-07
																							,-0.489263
																							,0.870053
																							,-0.0602474
																							,0.0413826
																							,0.118078
																							,0.134527
																							,0.98385
																							,9.68575e-08
																							,0
																							,0
																							,0
																							,1
																						]
																						,"children": [
																							{
																								 "name": "LeftHandThumb3"
																								,"transformation": [
																									 0.984389
																									,0.168435
																									,-0.0510617
																									,7.45058e-09
																									,-0.169402
																									,0.985429
																									,-0.0152254
																									,0.0304867
																									,0.0477532
																									,0.0236377
																									,0.998579
																									,-2.23517e-08
																									,0
																									,0
																									,0
																									,1
																								]
																								,"children": [
																									{
																										 "name": "LeftHandThumb4"
																										,"transformation": [
																											 0.994415
																											,0.0151976
																											,0.104437
																											,1.49012e-08
																											,-0.0124786
																											,0.999567
																											,-0.0266385
																											,0.0352851
																											,-0.104797
																											,0.0251865
																											,0.994175
																											,-8.19564e-08
																											,0
																											,0
																											,0
																											,1
																										]
																									}
																								]
																							}
																						]
																					}
																				]
																			}
																			,{
																				 "name": "LeftHandIndex1"
																				,"transformation": [
																					 0.984599
																					,-0.150323
																					,-0.089265
																					,-0.0353466
																					,0.131636
																					,0.973438
																					,-0.187327
																					,0.0974537
																					,0.115054
																					,0.172691
																					,0.978233
																					,-0.00695229
																					,0
																					,0
																					,0
																					,1
																				]
																				,"children": [
																					{
																						 "name": "LeftHandIndex2"
																						,"transformation": [
																							 0.998617
																							,-0.0521565
																							,-0.00667116
																							,6.70552e-08
																							,0.0499545
																							,0.980661
																							,-0.189233
																							,0.0446786
																							,0.0164119
																							,0.188638
																							,0.98191
																							,-1.02445e-07
																							,0
																							,0
																							,0
																							,1
																						]
																						,"children": [
																							{
																								 "name": "LeftHandIndex3"
																								,"transformation": [
																									 0.987582
																									,0.0294468
																									,-0.154321
																									,9.68575e-08
																									,-0.0550685
																									,0.98484
																									,-0.16449
																									,0.0283456
																									,0.147137
																									,0.170946
																									,0.974232
																									,1.30385e-07
																									,0
																									,0
																									,0
																									,1
																								]
																								,"children": [
																									{
																										 "name": "LeftHandIndex4"
																										,"transformation": [
																											 0.993458
																											,0.0193102
																											,0.112554
																											,6.33299e-08
																											,-0.00914495
																											,0.995887
																											,-0.0901404
																											,0.0338388
																											,-0.113832
																											,0.0885214
																											,0.989549
																											,1.61119e-07
																											,0
																											,0
																											,0
																											,1
																										]
																									}
																								]
																							}
																						]
																					}
																				]
																			}
																			,{
																				 "name": "LeftHandMiddle1"
																				,"transformation": [
																					 0.990448
																					,-0.0355379
																					,-0.133226
																					,-0.00919897
																					,0.0250957
																					,0.996538
																					,-0.0792555
																					,0.100197
																					,0.135582
																					,0.0751551
																					,0.987912
																					,-0.0034844
																					,0
																					,0
																					,0
																					,1
																				]
																				,"children": [
																					{
																						 "name": "LeftHandMiddle2"
																						,"transformation": [
																							 0.996099
																							,-0.0878604
																							,-0.00824726
																							,-4.47035e-08
																							,0.0829057
																							,0.963735
																							,-0.253655
																							,0.045698
																							,0.0302344
																							,0.251982
																							,0.96726
																							,3.84607e-08
																							,0
																							,0
																							,0
																							,1
																						]
																						,"children": [
																							{
																								 "name": "LeftHandMiddle3"
																								,"transformation": [
																									 0.995178
																									,0.076161
																									,-0.0618105
																									,-5.96046e-08
																									,-0.094406
																									,0.914733
																									,-0.392876
																									,0.0354073
																									,0.0266182
																									,0.396817
																									,0.917512
																									,2.37487e-07
																									,0
																									,0
																									,0
																									,1
																								]
																								,"children": [
																									{
																										 "name": "LeftHandMiddle4"
																										,"transformation": [
																											 0.998986
																											,0.00436207
																											,0.0448149
																											,-6.33299e-08
																											,-0.00222275
																											,0.99886
																											,-0.047676
																											,0.0345624
																											,-0.0449718
																											,0.0475281
																											,0.997857
																											,-8.75443e-08
																											,0
																											,0
																											,0
																											,1
																										]
																									}
																								]
																							}
																						]
																					}
																				]
																			}
																			,{
																				 "name": "LeftHandRing1"
																				,"transformation": [
																					 0.987244
																					,0.108295
																					,-0.116715
																					,0.0154218
																					,-0.122379
																					,0.985061
																					,-0.121157
																					,0.095604
																					,0.101851
																					,0.133895
																					,0.985748
																					,0.00223002
																					,0
																					,0
																					,0
																					,1
																				]
																				,"children": [
																					{
																						 "name": "LeftHandRing2"
																						,"transformation": [
																							 0.99527
																							,-0.0960307
																							,-0.0147067
																							,4.47035e-08
																							,0.0839661
																							,0.926432
																							,-0.366978
																							,0.0418996
																							,0.0488659
																							,0.364007
																							,0.930113
																							,4.76139e-08
																							,0
																							,0
																							,0
																							,1
																						]
																						,"children": [
																							{
																								 "name": "LeftHandRing3"
																								,"transformation": [
																									 0.999926
																									,-0.0042414
																									,-0.0114205
																									,3.35276e-08
																									,0.00333702
																									,0.996942
																									,-0.0780743
																									,0.0361632
																									,0.0117168
																									,0.0780304
																									,0.996882
																									,-1.82074e-07
																									,0
																									,0
																									,0
																									,1
																								]
																								,"children": [
																									{
																										 "name": "LeftHandRing4"
																										,"transformation": [
																											 0.998927
																											,-0.044312
																											,-0.0134986
																											,-3.72529e-09
																											,0.0441285
																											,0.998933
																											,-0.0136024
																											,0.0298131
																											,0.014087
																											,0.0129922
																											,0.999816
																											,-3.77186e-08
																											,0
																											,0
																											,0
																											,1
																										]
																									}
																								]
																							}
																						]
																					}
																				]
																			}
																			,{
																				 "name": "LeftHandPinky1"
																				,"transformation": [
																					 0.941706
																					,0.290331
																					,-0.169992
																					,0.0391315
																					,-0.318464
																					,0.932176
																					,-0.17213
																					,0.0898132
																					,0.108488
																					,0.216232
																					,0.970296
																					,0.0105444
																					,0
																					,0
																					,0
																					,1
																				]
																				,"children": [
																					{
																						 "name": "LeftHandPinky2"
																						,"transformation": [
																							 0.904028
																							,-0.166383
																							,-0.393764
																							,1.6531e-08
																							,0.0639358
																							,0.96341
																							,-0.260296
																							,0.0281524
																							,0.422665
																							,0.210139
																							,0.881587
																							,-4.89963e-08
																							,0
																							,0
																							,0
																							,1
																						]
																						,"children": [
																							{
																								 "name": "LeftHandPinky3"
																								,"transformation": [
																									 0.99942
																									,-0.0270568
																									,-0.0206993
																									,-5.58794e-09
																									,0.0211996
																									,0.969591
																									,-0.243811
																									,0.0223761
																									,0.0266666
																									,0.243231
																									,0.969602
																									,3.81842e-08
																									,0
																									,0
																									,0
																									,1
																								]
																								,"children": [
																									{
																										 "name": "LeftHandPinky4"
																										,"transformation": [
																											 0.97784
																											,0.0531158
																											,0.202504
																											,-4.47035e-08
																											,0.00433597
																											,0.961934
																											,-0.273248
																											,0.0263242
																											,-0.209309
																											,0.268071
																											,0.940387
																											,-1.51806e-07
																											,0
																											,0
																											,0
																											,1
																										]
																									}
																								]
																							}
																						]
																					}
																				]
																			}
																		]
																	}
																]
															}
														]
													}
												]
											}
											,{
												 "name": "RightShoulder"
												,"transformation": [
													 -0.00902045
													,-0.999173
													,0.0396519
													,-0.0471355
													,0.0105503
													,-0.0397465
													,-0.999154
													,0.141148
													,0.999904
													,-0.00859439
													,0.0109
													,-0.00625513
													,0
													,0
													,0
													,1
												]
												,"children": [
													{
														 "name": "RightArm"
														,"transformation": [
															 0.989498
															,-0.143326
															,-0.0187603
															,5.82077e-09
															,0.0620962
															,0.538679
															,-0.84022
															,0.118896
															,0.130531
															,0.830231
															,0.541921
															,-2.6729e-07
															,0
															,0
															,0
															,1
														]
														,"children": [
															{
																 "name": "RightForeArm"
																,"transformation": [
																	 0.901692
																	,0.431743
																	,-0.0234604
																	,-5.96046e-08
																	,-0.427118
																	,0.897846
																	,0.106969
																	,0.285128
																	,0.0672471
																	,-0.0864331
																	,0.993985
																	,-3.41097e-08
																	,0
																	,0
																	,0
																	,1
																]
																,"children": [
																	{
																		 "name": "RightHand"
																		,"transformation": [
																			 0.996317
																			,-0.0405408
																			,-0.0755634
																			,-4.47035e-08
																			,0.0333816
																			,0.99504
																			,-0.0937097
																			,0.251972
																			,0.0789877
																			,0.0908421
																			,0.992728
																			,1.95016e-07
																			,0
																			,0
																			,0
																			,1
																		]
																		,"children": [
																			{
																				 "name": "RightHandThumb1"
																				,"transformation": [
																					 0.655541
																					,0.745295
																					,-0.12166
																					,0.0323559
																					,-0.738622
																					,0.59928
																					,-0.308707
																					,0.0263521
																					,-0.157169
																					,0.292231
																					,0.943345
																					,0.00517314
																					,0
																					,0
																					,0
																					,1
																				]
																				,"children": [
																					{
																						 "name": "RightHandThumb2"
																						,"transformation": [
																							 0.86411
																							,-0.474249
																							,0.168526
																							,1.56462e-07
																							,0.489261
																							,0.870054
																							,-0.0602467
																							,0.0413824
																							,-0.118055
																							,0.134513
																							,0.983854
																							,-4.47035e-08
																							,0
																							,0
																							,0
																							,1
																						]
																						,"children": [
																							{
																								 "name": "RightHandThumb3"
																								,"transformation": [
																									 0.984388
																									,-0.168434
																									,0.0510917
																									,4.47035e-08
																									,0.169403
																									,0.985429
																									,-0.0152397
																									,0.0304865
																									,-0.0477803
																									,0.0236569
																									,0.998578
																									,1.15484e-07
																									,0
																									,0
																									,0
																									,1
																								]
																								,"children": [
																									{
																										 "name": "RightHandThumb4"
																										,"transformation": [
																											 0.994417
																											,-0.0151918
																											,-0.104421
																											,5.21541e-08
																											,0.0124721
																											,0.999567
																											,-0.0266485
																											,0.0352847
																											,0.104781
																											,0.0251973
																											,0.994176
																											,-5.96046e-08
																											,0
																											,0
																											,0
																											,1
																										]
																									}
																								]
																							}
																						]
																					}
																				]
																			}
																			,{
																				 "name": "RightHandIndex1"
																				,"transformation": [
																					 0.9846
																					,0.150323
																					,0.0892569
																					,0.0353463
																					,-0.131638
																					,0.973438
																					,-0.187321
																					,0.0974541
																					,-0.115045
																					,0.172687
																					,0.978235
																					,-0.00695211
																					,0
																					,0
																					,0
																					,1
																				]
																				,"children": [
																					{
																						 "name": "RightHandIndex2"
																						,"transformation": [
																							 0.998616
																							,0.0521607
																							,0.00667329
																							,0
																							,-0.0499582
																							,0.98066
																							,-0.189236
																							,0.0446787
																							,-0.0164149
																							,0.188641
																							,0.981909
																							,-1.2666e-07
																							,0
																							,0
																							,0
																							,1
																						]
																						,"children": [
																							{
																								 "name": "RightHandIndex3"
																								,"transformation": [
																									 0.987584
																									,-0.0294515
																									,0.154303
																									,-3.72529e-08
																									,0.0550678
																									,0.984843
																									,-0.164475
																									,0.0283458
																									,-0.147121
																									,0.17093
																									,0.974237
																									,5.7742e-08
																									,0
																									,0
																									,0
																									,1
																								]
																								,"children": [
																									{
																										 "name": "RightHandIndex4"
																										,"transformation": [
																											 0.99346
																											,-0.0193192
																											,-0.112531
																											,5.21541e-08
																											,0.00915346
																											,0.995885
																											,-0.0901622
																											,0.0338387
																											,0.11381
																											,0.0885425
																											,0.989549
																											,5.12227e-08
																											,0
																											,0
																											,0
																											,1
																										]
																									}
																								]
																							}
																						]
																					}
																				]
																			}
																			,{
																				 "name": "RightHandMiddle1"
																				,"transformation": [
																					 0.990449
																					,0.0355393
																					,0.133222
																					,0.00919875
																					,-0.0250982
																					,0.996539
																					,-0.0792501
																					,0.100198
																					,-0.135577
																					,0.0751495
																					,0.987913
																					,-0.00348427
																					,0
																					,0
																					,0
																					,1
																				]
																				,"children": [
																					{
																						 "name": "RightHandMiddle2"
																						,"transformation": [
																							 0.996099
																							,0.0878566
																							,0.00824363
																							,1.56462e-07
																							,-0.0829029
																							,0.963735
																							,-0.253656
																							,0.0456977
																							,-0.03023
																							,0.251983
																							,0.967259
																							,-4.35393e-08
																							,0
																							,0
																							,0
																							,1
																						]
																						,"children": [
																							{
																								 "name": "RightHandMiddle3"
																								,"transformation": [
																									 0.995177
																									,-0.0761629
																									,0.0618177
																									,4.47035e-08
																									,0.0944108
																									,0.91473
																									,-0.392881
																									,0.0354076
																									,-0.0266235
																									,0.396823
																									,0.917509
																									,-1.37836e-07
																									,0
																									,0
																									,0
																									,1
																								]
																								,"children": [
																									{
																										 "name": "RightHandMiddle4"
																										,"transformation": [
																											 0.998985
																											,-0.00435198
																											,-0.0448342
																											,2.23517e-08
																											,0.00221258
																											,0.998861
																											,-0.0476575
																											,0.0345627
																											,0.0449905
																											,0.0475099
																											,0.997857
																											,-1.30385e-08
																											,0
																											,0
																											,0
																											,1
																										]
																									}
																								]
																							}
																						]
																					}
																				]
																			}
																			,{
																				 "name": "RightHandRing1"
																				,"transformation": [
																					 0.987245
																					,-0.108295
																					,0.116706
																					,-0.015422
																					,0.122377
																					,0.985062
																					,-0.121149
																					,0.0956043
																					,-0.101843
																					,0.133886
																					,0.98575
																					,0.00222963
																					,0
																					,0
																					,0
																					,1
																				]
																				,"children": [
																					{
																						 "name": "RightHandRing2"
																						,"transformation": [
																							 0.99527
																							,0.096027
																							,0.0147007
																							,-4.09782e-08
																							,-0.0839652
																							,0.926435
																							,-0.366972
																							,0.0419005
																							,-0.0488584
																							,0.364002
																							,0.930116
																							,5.47152e-08
																							,0
																							,0
																							,0
																							,1
																						]
																						,"children": [
																							{
																								 "name": "RightHandRing3"
																								,"transformation": [
																									 0.999926
																									,0.00424478
																									,0.0114338
																									,-3.72529e-09
																									,-0.00333926
																									,0.996941
																									,-0.0780822
																									,0.0361626
																									,-0.0117303
																									,0.0780382
																									,0.996881
																									,8.3819e-08
																									,0
																									,0
																									,0
																									,1
																								]
																								,"children": [
																									{
																										 "name": "RightHandRing4"
																										,"transformation": [
																											 0.998926
																											,0.0443101
																											,0.0135144
																											,5.58794e-08
																											,-0.0441261
																											,0.998933
																											,-0.0136177
																											,0.0298128
																											,-0.0141034
																											,0.0130067
																											,0.999816
																											,-8.05594e-08
																											,0
																											,0
																											,0
																											,1
																										]
																									}
																								]
																							}
																						]
																					}
																				]
																			}
																			,{
																				 "name": "RightHandPinky1"
																				,"transformation": [
																					 0.941707
																					,-0.290333
																					,0.169984
																					,-0.0391318
																					,0.318464
																					,0.932177
																					,-0.172125
																					,0.0898135
																					,-0.108481
																					,0.216225
																					,0.970298
																					,0.0105436
																					,0
																					,0
																					,0
																					,1
																				]
																				,"children": [
																					{
																						 "name": "RightHandPinky2"
																						,"transformation": [
																							 0.904029
																							,0.16638
																							,0.393762
																							,1.90921e-08
																							,-0.0639348
																							,0.963411
																							,-0.260293
																							,0.0281521
																							,-0.422662
																							,0.210137
																							,0.881589
																							,2.52585e-07
																							,0
																							,0
																							,0
																							,1
																						]
																						,"children": [
																							{
																								 "name": "RightHandPinky3"
																								,"transformation": [
																									 0.99942
																									,0.0270602
																									,0.0206972
																									,-1.30385e-08
																									,-0.0212034
																									,0.969591
																									,-0.243811
																									,0.0223758
																									,-0.0266654
																									,0.24323
																									,0.969602
																									,-3.39933e-07
																									,0
																									,0
																									,0
																									,1
																								]
																								,"children": [
																									{
																										 "name": "RightHandPinky4"
																										,"transformation": [
																											 0.977838
																											,-0.0531158
																											,-0.202514
																											,1.13621e-07
																											,-0.00433698
																											,0.961936
																											,-0.27324
																											,0.0263244
																											,0.209319
																											,0.268063
																											,0.940387
																											,5.7742e-08
																											,0
																											,0
																											,0
																											,1
																										]
																									}
																								]
																							}
																						]
																					}
																				]
																			}
																		]
																	}
																]
															}
														]
													}
												]
											}
										]
									}
								]
							}
						]
					}
					,{
						 "name": "LeftUpLeg"
						,"transformation": [
							 -0.997826
							,0.0658099
							,-0.00347944
							,0.0953437
							,-0.0658647
							,-0.997645
							,0.0191225
							,0.00519271
							,-0.00221279
							,0.0193101
							,0.999811
							,-0.0033023
							,0
							,0
							,0
							,1
						]
						,"children": [
							{
								 "name": "LeftLeg"
								,"transformation": [
									 0.999983
									,0.00584357
									,-0.000372977
									,3.69655e-08
									,-0.00579225
									,0.996513
									,0.0832391
									,0.458174
									,0.000858089
									,-0.0832355
									,0.99653
									,-8.44011e-10
									,0
									,0
									,0
									,1
								]
								,"children": [
									{
										 "name": "LeftFoot"
										,"transformation": [
											 0.999439
											,0.01423
											,0.0303033
											,3.32584e-07
											,0.0196034
											,0.485002
											,-0.874294
											,0.443859
											,-0.0271383
											,0.874397
											,0.484451
											,-4.14584e-07
											,0
											,0
											,0
											,1
										]
										,"children": [
											{
												 "name": "LeftToeBase"
												,"transformation": [
													 0.995483
													,-0.0591628
													,-0.0742481
													,4.1211e-07
